{
 "cells": [
  {
   "cell_type": "code",
   "execution_count": 1,
   "metadata": {},
   "outputs": [
    {
     "name": "stdout",
     "output_type": "stream",
     "text": [
      "Processing file: /CSNG/baroni/mozaik-models/Images_for_optostim/experiment_1/grating_ori=000_rot90_flipped.npy\n",
      "Loaded array: [[2.62932539 2.62932539 2.62932539 ... 2.29939318 0.99446303 0.99446303]\n",
      " [2.62932539 2.62932539 2.62932539 ... 2.29939318 0.99446303 0.99446303]\n",
      " [2.62932539 2.62932539 2.62932539 ... 1.75294292 0.99446303 0.99446303]\n",
      " ...\n",
      " [1.79309154 1.55915046 1.55915046 ... 2.11510682 2.08842039 2.08842039]\n",
      " [1.55882478 1.55882478 1.55882478 ... 2.93885899 2.08842039 2.08842039]\n",
      " [1.55882478 1.55882478 1.2107991  ... 2.93885899 2.08842039 2.08842039]]\n",
      "Processing file: /CSNG/baroni/mozaik-models/Images_for_optostim/experiment_1/grating_ori=000_rot180_flipped.npy\n",
      "Loaded array: [[1.55882478 1.55882478 1.79309154 ... 2.62932539 2.62932539 2.62932539]\n",
      " [1.55882478 1.55882478 1.55915046 ... 2.62932539 2.62932539 2.62932539]\n",
      " [1.2107991  1.55882478 1.55915046 ... 2.62932539 2.62932539 2.62932539]\n",
      " ...\n",
      " [2.93885899 2.93885899 2.11510682 ... 1.75294292 2.29939318 2.29939318]\n",
      " [2.08842039 2.08842039 2.08842039 ... 0.99446303 0.99446303 0.99446303]\n",
      " [2.08842039 2.08842039 2.08842039 ... 0.99446303 0.99446303 0.99446303]]\n",
      "Processing file: /CSNG/baroni/mozaik-models/Images_for_optostim/experiment_1/grating_ori=000_flipped.npy\n",
      "Loaded array: [[0.99446303 0.99446303 0.99446303 ... 2.08842039 2.08842039 2.08842039]\n",
      " [0.99446303 0.99446303 0.99446303 ... 2.08842039 2.08842039 2.08842039]\n",
      " [2.29939318 2.29939318 1.75294292 ... 2.11510682 2.93885899 2.93885899]\n",
      " ...\n",
      " [2.62932539 2.62932539 2.62932539 ... 1.55915046 1.55882478 1.2107991 ]\n",
      " [2.62932539 2.62932539 2.62932539 ... 1.55915046 1.55882478 1.55882478]\n",
      " [2.62932539 2.62932539 2.62932539 ... 1.79309154 1.55882478 1.55882478]]\n",
      "Processing file: /CSNG/baroni/mozaik-models/Images_for_optostim/experiment_1/grating_ori=000_rot270.npy\n",
      "Loaded array: [[0.99446303 0.99446303 2.29939318 ... 2.62932539 2.62932539 2.62932539]\n",
      " [0.99446303 0.99446303 2.29939318 ... 2.62932539 2.62932539 2.62932539]\n",
      " [0.99446303 0.99446303 1.75294292 ... 2.62932539 2.62932539 2.62932539]\n",
      " ...\n",
      " [2.08842039 2.08842039 2.11510682 ... 1.55915046 1.55915046 1.79309154]\n",
      " [2.08842039 2.08842039 2.93885899 ... 1.55882478 1.55882478 1.55882478]\n",
      " [2.08842039 2.08842039 2.93885899 ... 1.2107991  1.55882478 1.55882478]]\n",
      "Processing file: /CSNG/baroni/mozaik-models/Images_for_optostim/experiment_1/grating_ori=000_rot180.npy\n",
      "Loaded array: [[2.08842039 2.08842039 2.08842039 ... 0.99446303 0.99446303 0.99446303]\n",
      " [2.08842039 2.08842039 2.08842039 ... 0.99446303 0.99446303 0.99446303]\n",
      " [2.93885899 2.93885899 2.11510682 ... 1.75294292 2.29939318 2.29939318]\n",
      " ...\n",
      " [1.2107991  1.55882478 1.55915046 ... 2.62932539 2.62932539 2.62932539]\n",
      " [1.55882478 1.55882478 1.55915046 ... 2.62932539 2.62932539 2.62932539]\n",
      " [1.55882478 1.55882478 1.79309154 ... 2.62932539 2.62932539 2.62932539]]\n",
      "Processing file: /CSNG/baroni/mozaik-models/Images_for_optostim/experiment_1/grating_ori=000_rot270_flipped.npy\n",
      "Loaded array: [[2.08842039 2.08842039 2.93885899 ... 1.2107991  1.55882478 1.55882478]\n",
      " [2.08842039 2.08842039 2.93885899 ... 1.55882478 1.55882478 1.55882478]\n",
      " [2.08842039 2.08842039 2.11510682 ... 1.55915046 1.55915046 1.79309154]\n",
      " ...\n",
      " [0.99446303 0.99446303 1.75294292 ... 2.62932539 2.62932539 2.62932539]\n",
      " [0.99446303 0.99446303 2.29939318 ... 2.62932539 2.62932539 2.62932539]\n",
      " [0.99446303 0.99446303 2.29939318 ... 2.62932539 2.62932539 2.62932539]]\n",
      "Processing file: /CSNG/baroni/mozaik-models/Images_for_optostim/experiment_1/grating_ori=000.npy\n",
      "Loaded array: [[2.62932539 2.62932539 2.62932539 ... 1.79309154 1.55882478 1.55882478]\n",
      " [2.62932539 2.62932539 2.62932539 ... 1.55915046 1.55882478 1.55882478]\n",
      " [2.62932539 2.62932539 2.62932539 ... 1.55915046 1.55882478 1.2107991 ]\n",
      " ...\n",
      " [2.29939318 2.29939318 1.75294292 ... 2.11510682 2.93885899 2.93885899]\n",
      " [0.99446303 0.99446303 0.99446303 ... 2.08842039 2.08842039 2.08842039]\n",
      " [0.99446303 0.99446303 0.99446303 ... 2.08842039 2.08842039 2.08842039]]\n",
      "Processing file: /CSNG/baroni/mozaik-models/Images_for_optostim/experiment_1/grating_ori=000_rot90.npy\n",
      "Loaded array: [[1.55882478 1.55882478 1.2107991  ... 2.93885899 2.08842039 2.08842039]\n",
      " [1.55882478 1.55882478 1.55882478 ... 2.93885899 2.08842039 2.08842039]\n",
      " [1.79309154 1.55915046 1.55915046 ... 2.11510682 2.08842039 2.08842039]\n",
      " ...\n",
      " [2.62932539 2.62932539 2.62932539 ... 1.75294292 0.99446303 0.99446303]\n",
      " [2.62932539 2.62932539 2.62932539 ... 2.29939318 0.99446303 0.99446303]\n",
      " [2.62932539 2.62932539 2.62932539 ... 2.29939318 0.99446303 0.99446303]]\n"
     ]
    }
   ],
   "source": [
    "import numpy as np \n",
    "import os\n",
    "path = '/CSNG/baroni/mozaik-models/Images_for_optostim/experiment_1'\n",
    "files = [os.path.join(path, f) for f in os.listdir(path)]\n",
    "file_save = [os.path.join(path, f) for f in os.listdir(path)]\n",
    "\n",
    "for file in files:\n",
    "    \n",
    "    print(f\"Processing file: {file}\")\n",
    "    x = np.load(file)\n",
    "    assert x.max() == 3.\n",
    "    print(f\"Loaded array: {x}\")\n",
    "    x = x / 3.\n",
    "    np.save(file, x)\n"
   ]
  },
  {
   "cell_type": "code",
   "execution_count": null,
   "metadata": {},
   "outputs": [],
   "source": []
  }
 ],
 "metadata": {
  "interpreter": {
   "hash": "31f2aee4e71d21fbe5cf8b01ff0e069b9275f58929596ceb00d14d90e3e16cd6"
  },
  "kernelspec": {
   "display_name": "Python 3.9.2 64-bit",
   "language": "python",
   "name": "python3"
  },
  "language_info": {
   "codemirror_mode": {
    "name": "ipython",
    "version": 3
   },
   "file_extension": ".py",
   "mimetype": "text/x-python",
   "name": "python",
   "nbconvert_exporter": "python",
   "pygments_lexer": "ipython3",
   "version": "3.9.6"
  },
  "orig_nbformat": 4
 },
 "nbformat": 4,
 "nbformat_minor": 2
}
